0.500000000000	(6) 1 (0f7)
-0.500000000000	(6) 1 (0f7)
0.000000000000	(6) 2 (0f8)
-0.000000000000	(7) 2 (0f8)
0.000000000000	(6) 1 (0f17)
-0.000000000000	(6) 4 (0f8)
0.000000000000	(6) 1 (0f8)
-0.000000000000	(7) 2 (0f7)
0.000000000000	(6) 1 (0f16)
0.000000000000	(6) 2 (0f16)
-0.000000000000	(6) 2 (0f6)
0.000000000000	(8) 2 (0f16)
-0.000000000000	(6) 1 (0f35)
-0.000000000000	(8) 1 (0f16)
0.000000000000	(5) 1 (0f8)
-0.000000000000	(1) 1 (0f7)
-0.000000000000	(6) 4 (0f16)
0.000000000000	(6) 2 (0f7)
0.000000000000	(6) 4 (0f7)
-0.000000000000	(8) 1 (0f11)
-0.000000000000	(8) 1 (0f15)
-0.000000000000	(7) 1 (0f7)
-0.000000000000	(7) 1 (0f8)
-0.000000000000	(6) 4 (0f6)
-0.000000000000	(6) 1 (0f6)
-0.000000000000	(7) 1 (0f15)
-0.000000000000	(7) 4 (0f7)
